							************************
									 report_init.txt
							************************

Filename is report_init.txt.

This file contains primary output for SIENA project <<report_init>>.

Date and time: 22/11/2020 10:27:24 PM 

RSiena version 1.2-23 (12 01 2020)


@1
Data input.
===========

2 observations,
1505 actors,
1 dependent network variables,
0 dependent bipartite variables,
1 dependent discrete behavior variables,
0 dependent continuous behavior variables,
0 constant actor covariates,
0 exogenous changing actor covariates,
0 constant dyadic covariates,
0 exogenous changing dyadic covariates,
0 no files with times of composition change.


@2
Reading network variables.
--------------------------

Name of network variable: sNet.
oneMode network.
For observation moment 1, degree distributions are as follows:
Nodes
   1    2    3    4    5    6    7    8    9   10   11   12 
  13   14   15   16   17   18   19   20   21   22   23   24 
  25   26   27   28   29   30   31   32   33   34   35   36 
  37   38   39   40   41   42   43   44   45   46   47   48 
  49   50   51   52   53   54   55   56   57   58   59   60 
  61   62   63   64   65   66   67   68   69   70   71   72 
  73   74   75   76   77   78   79   80   81   82   83   84 
  85   86   87   88   89   90   91   92   93   94   95   96 
  97   98   99  100  101  102  103  104  105  106  107  108 
 109  110  111  112  113  114  115  116  117  118  119  120 
 121  122  123  124  125  126  127  128  129  130  131  132 
 133  134  135  136  137  138  139  140  141  142  143  144 
 145  146  147  148  149  150  151  152  153  154  155  156 
 157  158  159  160  161  162  163  164  165  166  167  168 
 169  170  171  172  173  174  175  176  177  178  179  180 
 181  182  183  184  185  186  187  188  189  190  191  192 
 193  194  195  196  197  198  199  200  201  202  203  204 
 205  206  207  208  209  210  211  212  213  214  215  216 
 217  218  219  220  221  222  223  224  225  226  227  228 
 229  230  231  232  233  234  235  236  237  238  239  240 
 241  242  243  244  245  246  247  248  249  250  251  252 
 253  254  255  256  257  258  259  260  261  262  263  264 
 265  266  267  268  269  270  271  272  273  274  275  276 
 277  278  279  280  281  282  283  284  285  286  287  288 
 289  290  291  292  293  294  295  296  297  298  299  300 
 301  302  303  304  305  306  307  308  309  310  311  312 
 313  314  315  316  317  318  319  320  321  322  323  324 
 325  326  327  328  329  330  331  332  333  334  335  336 
 337  338  339  340  341  342  343  344  345  346  347  348 
 349  350  351  352  353  354  355  356  357  358  359  360 
 361  362  363  364  365  366  367  368  369  370  371  372 
 373  374  375  376  377  378  379  380  381  382  383  384 
 385  386  387  388  389  390  391  392  393  394  395  396 
 397  398  399  400  401  402  403  404  405  406  407  408 
 409  410  411  412  413  414  415  416  417  418  419  420 
 421  422  423  424  425  426  427  428  429  430  431  432 
 433  434  435  436  437  438  439  440  441  442  443  444 
 445  446  447  448  449  450  451  452  453  454  455  456 
 457  458  459  460  461  462  463  464  465  466  467  468 
 469  470  471  472  473  474  475  476  477  478  479  480 
 481  482  483  484  485  486  487  488  489  490  491  492 
 493  494  495  496  497  498  499  500  501  502  503  504 
 505  506  507  508  509  510  511  512  513  514  515  516 
 517  518  519  520  521  522  523  524  525  526  527  528 
 529  530  531  532  533  534  535  536  537  538  539  540 
 541  542  543  544  545  546  547  548  549  550  551  552 
 553  554  555  556  557  558  559  560  561  562  563  564 
 565  566  567  568  569  570  571  572  573  574  575  576 
 577  578  579  580  581  582  583  584  585  586  587  588 
 589  590  591  592  593  594  595  596  597  598  599  600 
 601  602  603  604  605  606  607  608  609  610  611  612 
 613  614  615  616  617  618  619  620  621  622  623  624 
 625  626  627  628  629  630  631  632  633  634  635  636 
 637  638  639  640  641  642  643  644  645  646  647  648 
 649  650  651  652  653  654  655  656  657  658  659  660 
 661  662  663  664  665  666  667  668  669  670  671  672 
 673  674  675  676  677  678  679  680  681  682  683  684 
 685  686  687  688  689  690  691  692  693  694  695  696 
 697  698  699  700  701  702  703  704  705  706  707  708 
 709  710  711  712  713  714  715  716  717  718  719  720 
 721  722  723  724  725  726  727  728  729  730  731  732 
 733  734  735  736  737  738  739  740  741  742  743  744 
 745  746  747  748  749  750  751  752  753  754  755  756 
 757  758  759  760  761  762  763  764  765  766  767  768 
 769  770  771  772  773  774  775  776  777  778  779  780 
 781  782  783  784  785  786  787  788  789  790  791  792 
 793  794  795  796  797  798  799  800  801  802  803  804 
 805  806  807  808  809  810  811  812  813  814  815  816 
 817  818  819  820  821  822  823  824  825  826  827  828 
 829  830  831  832  833  834  835  836  837  838  839  840 
 841  842  843  844  845  846  847  848  849  850  851  852 
 853  854  855  856  857  858  859  860  861  862  863  864 
 865  866  867  868  869  870  871  872  873  874  875  876 
 877  878  879  880  881  882  883  884  885  886  887  888 
 889  890  891  892  893  894  895  896  897  898  899  900 
 901  902  903  904  905  906  907  908  909  910  911  912 
 913  914  915  916  917  918  919  920  921  922  923  924 
 925  926  927  928  929  930  931  932  933  934  935  936 
 937  938  939  940  941  942  943  944  945  946  947  948 
 949  950  951  952  953  954  955  956  957  958  959  960 
 961  962  963  964  965  966  967  968  969  970  971  972 
 973  974  975  976  977  978  979  980  981  982  983  984 
 985  986  987  988  989  990  991  992  993  994  995  996 
 997  998  999 1000 1001 1002 1003 1004 1005 1006 1007 1008 
1009 1010 1011 1012 1013 1014 1015 1016 1017 1018 1019 1020 
1021 1022 1023 1024 1025 1026 1027 1028 1029 1030 1031 1032 
1033 1034 1035 1036 1037 1038 1039 1040 1041 1042 1043 1044 
1045 1046 1047 1048 1049 1050 1051 1052 1053 1054 1055 1056 
1057 1058 1059 1060 1061 1062 1063 1064 1065 1066 1067 1068 
1069 1070 1071 1072 1073 1074 1075 1076 1077 1078 1079 1080 
1081 1082 1083 1084 1085 1086 1087 1088 1089 1090 1091 1092 
1093 1094 1095 1096 1097 1098 1099 1100 1101 1102 1103 1104 
1105 1106 1107 1108 1109 1110 1111 1112 1113 1114 1115 1116 
1117 1118 1119 1120 1121 1122 1123 1124 1125 1126 1127 1128 
1129 1130 1131 1132 1133 1134 1135 1136 1137 1138 1139 1140 
1141 1142 1143 1144 1145 1146 1147 1148 1149 1150 1151 1152 
1153 1154 1155 1156 1157 1158 1159 1160 1161 1162 1163 1164 
1165 1166 1167 1168 1169 1170 1171 1172 1173 1174 1175 1176 
1177 1178 1179 1180 1181 1182 1183 1184 1185 1186 1187 1188 
1189 1190 1191 1192 1193 1194 1195 1196 1197 1198 1199 1200 
1201 1202 1203 1204 1205 1206 1207 1208 1209 1210 1211 1212 
1213 1214 1215 1216 1217 1218 1219 1220 1221 1222 1223 1224 
1225 1226 1227 1228 1229 1230 1231 1232 1233 1234 1235 1236 
1237 1238 1239 1240 1241 1242 1243 1244 1245 1246 1247 1248 
1249 1250 1251 1252 1253 1254 1255 1256 1257 1258 1259 1260 
1261 1262 1263 1264 1265 1266 1267 1268 1269 1270 1271 1272 
1273 1274 1275 1276 1277 1278 1279 1280 1281 1282 1283 1284 
1285 1286 1287 1288 1289 1290 1291 1292 1293 1294 1295 1296 
1297 1298 1299 1300 1301 1302 1303 1304 1305 1306 1307 1308 
1309 1310 1311 1312 1313 1314 1315 1316 1317 1318 1319 1320 
1321 1322 1323 1324 1325 1326 1327 1328 1329 1330 1331 1332 
1333 1334 1335 1336 1337 1338 1339 1340 1341 1342 1343 1344 
1345 1346 1347 1348 1349 1350 1351 1352 1353 1354 1355 1356 
1357 1358 1359 1360 1361 1362 1363 1364 1365 1366 1367 1368 
1369 1370 1371 1372 1373 1374 1375 1376 1377 1378 1379 1380 
1381 1382 1383 1384 1385 1386 1387 1388 1389 1390 1391 1392 
1393 1394 1395 1396 1397 1398 1399 1400 1401 1402 1403 1404 
1405 1406 1407 1408 1409 1410 1411 1412 1413 1414 1415 1416 
1417 1418 1419 1420 1421 1422 1423 1424 1425 1426 1427 1428 
1429 1430 1431 1432 1433 1434 1435 1436 1437 1438 1439 1440 
1441 1442 1443 1444 1445 1446 1447 1448 1449 1450 1451 1452 
1453 1454 1455 1456 1457 1458 1459 1460 1461 1462 1463 1464 
1465 1466 1467 1468 1469 1470 1471 1472 1473 1474 1475 1476 
1477 1478 1479 1480 1481 1482 1483 1484 1485 1486 1487 1488 
1489 1490 1491 1492 1493 1494 1495 1496 1497 1498 1499 1500 
1501 1502 1503 1504 1505
out-degrees
 371  548   47  227    0    0    0    2    2    0    0    5 
   0    0    2    0    0    0    0    0    0    1    1    0 
   0    0    0    0    0    0    0   88    1    0    0    6 
   0    0    0    0    0    2    0    0    0    0    0    0 
   3    0    0    0    0    0    1    0    1    1    1    2 
   3    0    0    1    0    0    0    0    0    0    1    1 
   0    0    0    0    0    0    0    0    0    0    0    0 
   3    3    0    0    0    0    0    0    3    0    0    0 
   0    0    0    0    0    5    0    4    0    1    0    1 
   1    0    0    0    0    0    0    1    5    0    0    1 
   0    0    1    0    1    3    0    0    1    0    0    0 
   2    0    0    0    0    4    1    1    3   15    0    0 
   0    1    0    4    0    0   13    0    1    0    9  166 
   0    0    7    0    0    0    3    0    0    0    4    1 
   0    1    0    0    0    1    0    0    1    0    0    0 
   1    5    0    0    0    0    0    0    1    0    0    4 
   0    4    0    0    2    0    0    0    0    0    0    3 
   2    0   11    0    8   11    0    0    8    0    0    0 
  10    0    1    0    0    0   11    3    1    1    2    0 
   0    0    0    0    0    0    0    0    0    0    2    6 
  15    5    1    1    1   21   34    4   13    5    4    7 
   1    9    7    8    1   31    1    1   28    1    1    1 
   6   23    7    1    3    1  166    2   31   29   41   33 
  25    2    1    1    1    8    1    1    3    2    1    6 
   1    1   20   26    2    1    2    1    8    1    2   13 
  30    6    8    6   27   32    3    2    1    1   59    1 
   3   31    5   44   12    1   35    2   21    8   12    9 
   7    9    1   36    8    7    1   63    6   11    6    1 
   1    1    2    2    1    1    2    1    2    1    1    1 
   1    1    1    1    1    2    2    6    1    1    1    1 
   2    2    1    2    2    2    2    1    1    1    1    1 
   1    1    1    1    1    1    1    4    2    1    1    1 
   1    2    1    1    1    1    1   25    1    2    2    2 
   1    1    1    1    2    2    1    2    1    1    1    1 
   7    1    2    1    1    1    1    1    1    2    1    1 
   1    8   13    1    1    1    1    2    1    1    1    2 
   1    1    2    2    1    1    2    1    1    2    1    1 
   2    2    1    1    1    1    1    2    2    2    1    1 
   1    2    1    2    1    1    1    2    1    1    2    2 
   2    1    1    1    1    1    1    1    1    1    1    2 
   1    1    2    1    1    1    2    1    1    1    1    2 
  16    1    1    2    2    1    1    1    1    1    1    1 
   1    1    1    1    1    1    1    1    1    1    1    2 
   2    1    1    1    2    1    1    1    1    1    1    1 
   3    1    1    1    1    1    2    1    1    3    1    1 
   2    1    1    2    1    1    1    2    1    1    1    2 
   2    1    1    1    1    1    1    1    2    1    1    2 
   2    2    1    1    2    2    1    1    1    1    1    2 
   3    2    1    2    1    2    2    1    1    1    1    1 
   1    1    1    2    2    1    1    2    1    1    2    1 
   1    1    1    1    1    1    2    3    1    1    1    2 
   2    2    1    1    1    2    1    2    1    1    1    1 
   2    1    1    2    3    1    1    1    2    2    1    1 
   1    1    1    1    1    1    1    1    1    1    2    2 
   1    1    1    1    1    1    1    2    2    2    1    1 
   1    1    1    1    1    2    2    2    1    1    1    1 
   1    1    3    1    1    2    1    2    1    1    2    1 
   1    2    1    1    1    1    1    1    1    1    1    1 
   1    1    1    1    2    1    2    1    1    1    3    2 
   1   45    2    2    2    1    2    1    1    2    2    1 
   1    2    1    2    2    1    1    1    1    2    3    2 
   2    1    1    3    1    2    1    1    1    1    1    1 
   3    1    1    1    1    2    2    2    1    1    1    3 
   2    2    2    2    1    1    1    1    1    1    1   22 
   1    2    1    6    0    6    0    0    0    1    1    1 
   4    6    4    7    2    5    1    4    2   12    2   11 
   4    4    6    6    4    5    4    6    1    1    1    1 
   2    9    1    1    1    4    7    1    1    1   10    1 
   3    0    0    0    0    4    0    0    0    0    1    0 
   0    0    0    0    0    1    0    0    0    0    0    0 
   0    0    0    0    0    0    0    1    0    0    0    0 
   0    0    4    0    0    0    0    0    0    0    1    0 
   0    0    0    0    0    0    1    0    2    0    0    0 
   0    0    0    0    0    0    1    0    0    0    0    0 
   1    0    0    0    0    0    0    0    0    0    0    6 
   0    3    1    0    0    4    1    0    0    1    0    1 
   0    0    5    6    0    3    0    3    0    1    2    0 
   0    3    0    0    1    0    2    8    0    0    3    0 
   0    0    0    0    0    1    0    0    0    2    4    1 
   7    3    5    1    5    5    6    2    5    3    1   10 
   6    2    2    2    2    5    2   18    2    5    3    3 
   2    4    2    3    4    2    1   14    9    2    3    2 
   1    1    6    3    3    2    2    6    4    2   10    4 
   3   12    1    3    3    2    1    1    2    1    3    2 
   2    6   13    1    1    1    4    3    1    3    1   47 
   2   37    3   26    2    6    3    1    2    1    1    7 
   6    3    1    4    4    5    1    3    1    1    1    2 
   1    2    5   20    5    1    3    1    1    3    1    4 
  22    2    1   22    2    4    3    3    4    6    2    2 
   1    1    1    3    2    1    1    2    1    2    3    2 
  14    7    3    1    1    1    3    1    1    2    2    3 
   4    1    3    1    2    4    4    2    1    3    3    3 
  16    6    2    3    6   42    3    6    2    3    2    2 
   2    5    2   11    0    0   28    0    4    0    3    2 
   0    0    6   13   15    0    1   25    1    2    0   19 
   4    0   16   14   14    1    1    0   10    6    9    4 
  23    6   40   14    5   11   31    5    4    1    7   21 
   1   22    5    8    3    9    3   12   35   64   13   13 
  17    9   29    2    9   19   14   29   10   18   17   19 
  12   14   50   25   15   17   24    1   89   29   23   10 
  25   32    6    6   20    8   11   28   48    2   16   22 
  16    1   12   89   24   55    8   11    4    5    2   12 
  83   10   33    6   23   23    1    6   14    8    2    1 
   2    4   33   10    7   25    9   20    1   19   12    1 
   9    8   25    5   79   14    1    2   48   26    3   18 
  19    2   28    8   17   10   22    4   22    4    8    1 
   4   23    2    8    1    1   13   26   24   19   12   24 
  13   18   16   10  125   24    3    2   10   41    1   11 
   1    4   60   12    1    3    1    1   11   15   10   15 
  14   24   11    5   19   15   23    4    5    2   16   14 
   1   79   11   12    7   20   12  161   17   29   17   13 
  15    2   17   12   91    1   72   33   14    1    4   36 
   2   67  117  124   21    1   92   18   26   10   82    3 
   3   17   15   24   11   19    8    1   19   16   33   45 
  12   14    7   15    3   10   33    3   14   10    1   14 
   2   13    3   15    1   13   11   14   11  148    1    1 
  16   19    9    9   10   96    1   15  103   17   13   17 
  17  115   21    1    1    2    1   10    1    1    1    9 
   1    1    9    1    1   12    1   11    1    1    1    1 
 209    1   19    4   11   26   16    5   15   17   26  179 
  14   23   18   33    9    1   22  204   22   11   31  217 
   1    1   24  134   97   29    1   30   14    6   11    4 
 123    1   29    1   13   12   42   17   22   14   26   17 
  22  183   97   17   27  101    1   16   13   17  113   27 
  13    1   29    1   29    1   20   26    8   29   12   33 
   1  156    1   20    1
in-degrees
 371  548   47  227    0    0    0    2    2    0    0    5 
   0    0    2    0    0    0    0    0    0    1    1    0 
   0    0    0    0    0    0    0   88    1    0    0    6 
   0    0    0    0    0    2    0    0    0    0    0    0 
   3    0    0    0    0    0    1    0    1    1    1    2 
   3    0    0    1    0    0    0    0    0    0    1    1 
   0    0    0    0    0    0    0    0    0    0    0    0 
   3    3    0    0    0    0    0    0    3    0    0    0 
   0    0    0    0    0    5    0    4    0    1    0    1 
   1    0    0    0    0    0    0    1    5    0    0    1 
   0    0    1    0    1    3    0    0    1    0    0    0 
   2    0    0    0    0    4    1    1    3   15    0    0 
   0    1    0    4    0    0   13    0    1    0    9  166 
   0    0    7    0    0    0    3    0    0    0    4    1 
   0    1    0    0    0    1    0    0    1    0    0    0 
   1    5    0    0    0    0    0    0    1    0    0    4 
   0    4    0    0    2    0    0    0    0    0    0    3 
   2    0   11    0    8   11    0    0    8    0    0    0 
  10    0    1    0    0    0   11    3    1    1    2    0 
   0    0    0    0    0    0    0    0    0    0    2    6 
  15    5    1    1    1   21   34    4   13    5    4    7 
   1    9    7    8    1   31    1    1   28    1    1    1 
   6   23    7    1    3    1  166    2   31   29   41   33 
  25    2    1    1    1    8    1    1    3    2    1    6 
   1    1   20   26    2    1    2    1    8    1    2   13 
  30    6    8    6   27   32    3    2    1    1   59    1 
   3   31    5   44   12    1   35    2   21    8   12    9 
   7    9    1   36    8    7    1   63    6   11    6    1 
   1    1    2    2    1    1    2    1    2    1    1    1 
   1    1    1    1    1    2    2    6    1    1    1    1 
   2    2    1    2    2    2    2    1    1    1    1    1 
   1    1    1    1    1    1    1    4    2    1    1    1 
   1    2    1    1    1    1    1   25    1    2    2    2 
   1    1    1    1    2    2    1    2    1    1    1    1 
   7    1    2    1    1    1    1    1    1    2    1    1 
   1    8   13    1    1    1    1    2    1    1    1    2 
   1    1    2    2    1    1    2    1    1    2    1    1 
   2    2    1    1    1    1    1    2    2    2    1    1 
   1    2    1    2    1    1    1    2    1    1    2    2 
   2    1    1    1    1    1    1    1    1    1    1    2 
   1    1    2    1    1    1    2    1    1    1    1    2 
  16    1    1    2    2    1    1    1    1    1    1    1 
   1    1    1    1    1    1    1    1    1    1    1    2 
   2    1    1    1    2    1    1    1    1    1    1    1 
   3    1    1    1    1    1    2    1    1    3    1    1 
   2    1    1    2    1    1    1    2    1    1    1    2 
   2    1    1    1    1    1    1    1    2    1    1    2 
   2    2    1    1    2    2    1    1    1    1    1    2 
   3    2    1    2    1    2    2    1    1    1    1    1 
   1    1    1    2    2    1    1    2    1    1    2    1 
   1    1    1    1    1    1    2    3    1    1    1    2 
   2    2    1    1    1    2    1    2    1    1    1    1 
   2    1    1    2    3    1    1    1    2    2    1    1 
   1    1    1    1    1    1    1    1    1    1    2    2 
   1    1    1    1    1    1    1    2    2    2    1    1 
   1    1    1    1    1    2    2    2    1    1    1    1 
   1    1    3    1    1    2    1    2    1    1    2    1 
   1    2    1    1    1    1    1    1    1    1    1    1 
   1    1    1    1    2    1    2    1    1    1    3    2 
   1   45    2    2    2    1    2    1    1    2    2    1 
   1    2    1    2    2    1    1    1    1    2    3    2 
   2    1    1    3    1    2    1    1    1    1    1    1 
   3    1    1    1    1    2    2    2    1    1    1    3 
   2    2    2    2    1    1    1    1    1    1    1   22 
   1    2    1    6    0    6    0    0    0    1    1    1 
   4    6    4    7    2    5    1    4    2   12    2   11 
   4    4    6    6    4    5    4    6    1    1    1    1 
   2    9    1    1    1    4    7    1    1    1   10    1 
   3    0    0    0    0    4    0    0    0    0    1    0 
   0    0    0    0    0    1    0    0    0    0    0    0 
   0    0    0    0    0    0    0    1    0    0    0    0 
   0    0    4    0    0    0    0    0    0    0    1    0 
   0    0    0    0    0    0    1    0    2    0    0    0 
   0    0    0    0    0    0    1    0    0    0    0    0 
   1    0    0    0    0    0    0    0    0    0    0    6 
   0    3    1    0    0    4    1    0    0    1    0    1 
   0    0    5    6    0    3    0    3    0    1    2    0 
   0    3    0    0    1    0    2    8    0    0    3    0 
   0    0    0    0    0    1    0    0    0    2    4    1 
   7    3    5    1    5    5    6    2    5    3    1   10 
   6    2    2    2    2    5    2   18    2    5    3    3 
   2    4    2    3    4    2    1   14    9    2    3    2 
   1    1    6    3    3    2    2    6    4    2   10    4 
   3   12    1    3    3    2    1    1    2    1    3    2 
   2    6   13    1    1    1    4    3    1    3    1   47 
   2   37    3   26    2    6    3    1    2    1    1    7 
   6    3    1    4    4    5    1    3    1    1    1    2 
   1    2    5   20    5    1    3    1    1    3    1    4 
  22    2    1   22    2    4    3    3    4    6    2    2 
   1    1    1    3    2    1    1    2    1    2    3    2 
  14    7    3    1    1    1    3    1    1    2    2    3 
   4    1    3    1    2    4    4    2    1    3    3    3 
  16    6    2    3    6   42    3    6    2    3    2    2 
   2    5    2   11    0    0   28    0    4    0    3    2 
   0    0    6   13   15    0    1   25    1    2    0   19 
   4    0   16   14   14    1    1    0   10    6    9    4 
  23    6   40   14    5   11   31    5    4    1    7   21 
   1   22    5    8    3    9    3   12   35   64   13   13 
  17    9   29    2    9   19   14   29   10   18   17   19 
  12   14   50   25   15   17   24    1   89   29   23   10 
  25   32    6    6   20    8   11   28   48    2   16   22 
  16    1   12   89   24   55    8   11    4    5    2   12 
  83   10   33    6   23   23    1    6   14    8    2    1 
   2    4   33   10    7   25    9   20    1   19   12    1 
   9    8   25    5   79   14    1    2   48   26    3   18 
  19    2   28    8   17   10   22    4   22    4    8    1 
   4   23    2    8    1    1   13   26   24   19   12   24 
  13   18   16   10  125   24    3    2   10   41    1   11 
   1    4   60   12    1    3    1    1   11   15   10   15 
  14   24   11    5   19   15   23    4    5    2   16   14 
   1   79   11   12    7   20   12  161   17   29   17   13 
  15    2   17   12   91    1   72   33   14    1    4   36 
   2   67  117  124   21    1   92   18   26   10   82    3 
   3   17   15   24   11   19    8    1   19   16   33   45 
  12   14    7   15    3   10   33    3   14   10    1   14 
   2   13    3   15    1   13   11   14   11  148    1    1 
  16   19    9    9   10   96    1   15  103   17   13   17 
  17  115   21    1    1    2    1   10    1    1    1    9 
   1    1    9    1    1   12    1   11    1    1    1    1 
 209    1   19    4   11   26   16    5   15   17   26  179 
  14   23   18   33    9    1   22  204   22   11   31  217 
   1    1   24  134   97   29    1   30   14    6   11    4 
 123    1   29    1   13   12   42   17   22   14   26   17 
  22  183   97   17   27  101    1   16   13   17  113   27 
  13    1   29    1   29    1   20   26    8   29   12   33 
   1  156    1   20    1

No missing data for observation 1.

For observation moment 2, degree distributions are as follows:
Nodes
   1    2    3    4    5    6    7    8    9   10   11   12 
  13   14   15   16   17   18   19   20   21   22   23   24 
  25   26   27   28   29   30   31   32   33   34   35   36 
  37   38   39   40   41   42   43   44   45   46   47   48 
  49   50   51   52   53   54   55   56   57   58   59   60 
  61   62   63   64   65   66   67   68   69   70   71   72 
  73   74   75   76   77   78   79   80   81   82   83   84 
  85   86   87   88   89   90   91   92   93   94   95   96 
  97   98   99  100  101  102  103  104  105  106  107  108 
 109  110  111  112  113  114  115  116  117  118  119  120 
 121  122  123  124  125  126  127  128  129  130  131  132 
 133  134  135  136  137  138  139  140  141  142  143  144 
 145  146  147  148  149  150  151  152  153  154  155  156 
 157  158  159  160  161  162  163  164  165  166  167  168 
 169  170  171  172  173  174  175  176  177  178  179  180 
 181  182  183  184  185  186  187  188  189  190  191  192 
 193  194  195  196  197  198  199  200  201  202  203  204 
 205  206  207  208  209  210  211  212  213  214  215  216 
 217  218  219  220  221  222  223  224  225  226  227  228 
 229  230  231  232  233  234  235  236  237  238  239  240 
 241  242  243  244  245  246  247  248  249  250  251  252 
 253  254  255  256  257  258  259  260  261  262  263  264 
 265  266  267  268  269  270  271  272  273  274  275  276 
 277  278  279  280  281  282  283  284  285  286  287  288 
 289  290  291  292  293  294  295  296  297  298  299  300 
 301  302  303  304  305  306  307  308  309  310  311  312 
 313  314  315  316  317  318  319  320  321  322  323  324 
 325  326  327  328  329  330  331  332  333  334  335  336 
 337  338  339  340  341  342  343  344  345  346  347  348 
 349  350  351  352  353  354  355  356  357  358  359  360 
 361  362  363  364  365  366  367  368  369  370  371  372 
 373  374  375  376  377  378  379  380  381  382  383  384 
 385  386  387  388  389  390  391  392  393  394  395  396 
 397  398  399  400  401  402  403  404  405  406  407  408 
 409  410  411  412  413  414  415  416  417  418  419  420 
 421  422  423  424  425  426  427  428  429  430  431  432 
 433  434  435  436  437  438  439  440  441  442  443  444 
 445  446  447  448  449  450  451  452  453  454  455  456 
 457  458  459  460  461  462  463  464  465  466  467  468 
 469  470  471  472  473  474  475  476  477  478  479  480 
 481  482  483  484  485  486  487  488  489  490  491  492 
 493  494  495  496  497  498  499  500  501  502  503  504 
 505  506  507  508  509  510  511  512  513  514  515  516 
 517  518  519  520  521  522  523  524  525  526  527  528 
 529  530  531  532  533  534  535  536  537  538  539  540 
 541  542  543  544  545  546  547  548  549  550  551  552 
 553  554  555  556  557  558  559  560  561  562  563  564 
 565  566  567  568  569  570  571  572  573  574  575  576 
 577  578  579  580  581  582  583  584  585  586  587  588 
 589  590  591  592  593  594  595  596  597  598  599  600 
 601  602  603  604  605  606  607  608  609  610  611  612 
 613  614  615  616  617  618  619  620  621  622  623  624 
 625  626  627  628  629  630  631  632  633  634  635  636 
 637  638  639  640  641  642  643  644  645  646  647  648 
 649  650  651  652  653  654  655  656  657  658  659  660 
 661  662  663  664  665  666  667  668  669  670  671  672 
 673  674  675  676  677  678  679  680  681  682  683  684 
 685  686  687  688  689  690  691  692  693  694  695  696 
 697  698  699  700  701  702  703  704  705  706  707  708 
 709  710  711  712  713  714  715  716  717  718  719  720 
 721  722  723  724  725  726  727  728  729  730  731  732 
 733  734  735  736  737  738  739  740  741  742  743  744 
 745  746  747  748  749  750  751  752  753  754  755  756 
 757  758  759  760  761  762  763  764  765  766  767  768 
 769  770  771  772  773  774  775  776  777  778  779  780 
 781  782  783  784  785  786  787  788  789  790  791  792 
 793  794  795  796  797  798  799  800  801  802  803  804 
 805  806  807  808  809  810  811  812  813  814  815  816 
 817  818  819  820  821  822  823  824  825  826  827  828 
 829  830  831  832  833  834  835  836  837  838  839  840 
 841  842  843  844  845  846  847  848  849  850  851  852 
 853  854  855  856  857  858  859  860  861  862  863  864 
 865  866  867  868  869  870  871  872  873  874  875  876 
 877  878  879  880  881  882  883  884  885  886  887  888 
 889  890  891  892  893  894  895  896  897  898  899  900 
 901  902  903  904  905  906  907  908  909  910  911  912 
 913  914  915  916  917  918  919  920  921  922  923  924 
 925  926  927  928  929  930  931  932  933  934  935  936 
 937  938  939  940  941  942  943  944  945  946  947  948 
 949  950  951  952  953  954  955  956  957  958  959  960 
 961  962  963  964  965  966  967  968  969  970  971  972 
 973  974  975  976  977  978  979  980  981  982  983  984 
 985  986  987  988  989  990  991  992  993  994  995  996 
 997  998  999 1000 1001 1002 1003 1004 1005 1006 1007 1008 
1009 1010 1011 1012 1013 1014 1015 1016 1017 1018 1019 1020 
1021 1022 1023 1024 1025 1026 1027 1028 1029 1030 1031 1032 
1033 1034 1035 1036 1037 1038 1039 1040 1041 1042 1043 1044 
1045 1046 1047 1048 1049 1050 1051 1052 1053 1054 1055 1056 
1057 1058 1059 1060 1061 1062 1063 1064 1065 1066 1067 1068 
1069 1070 1071 1072 1073 1074 1075 1076 1077 1078 1079 1080 
1081 1082 1083 1084 1085 1086 1087 1088 1089 1090 1091 1092 
1093 1094 1095 1096 1097 1098 1099 1100 1101 1102 1103 1104 
1105 1106 1107 1108 1109 1110 1111 1112 1113 1114 1115 1116 
1117 1118 1119 1120 1121 1122 1123 1124 1125 1126 1127 1128 
1129 1130 1131 1132 1133 1134 1135 1136 1137 1138 1139 1140 
1141 1142 1143 1144 1145 1146 1147 1148 1149 1150 1151 1152 
1153 1154 1155 1156 1157 1158 1159 1160 1161 1162 1163 1164 
1165 1166 1167 1168 1169 1170 1171 1172 1173 1174 1175 1176 
1177 1178 1179 1180 1181 1182 1183 1184 1185 1186 1187 1188 
1189 1190 1191 1192 1193 1194 1195 1196 1197 1198 1199 1200 
1201 1202 1203 1204 1205 1206 1207 1208 1209 1210 1211 1212 
1213 1214 1215 1216 1217 1218 1219 1220 1221 1222 1223 1224 
1225 1226 1227 1228 1229 1230 1231 1232 1233 1234 1235 1236 
1237 1238 1239 1240 1241 1242 1243 1244 1245 1246 1247 1248 
1249 1250 1251 1252 1253 1254 1255 1256 1257 1258 1259 1260 
1261 1262 1263 1264 1265 1266 1267 1268 1269 1270 1271 1272 
1273 1274 1275 1276 1277 1278 1279 1280 1281 1282 1283 1284 
1285 1286 1287 1288 1289 1290 1291 1292 1293 1294 1295 1296 
1297 1298 1299 1300 1301 1302 1303 1304 1305 1306 1307 1308 
1309 1310 1311 1312 1313 1314 1315 1316 1317 1318 1319 1320 
1321 1322 1323 1324 1325 1326 1327 1328 1329 1330 1331 1332 
1333 1334 1335 1336 1337 1338 1339 1340 1341 1342 1343 1344 
1345 1346 1347 1348 1349 1350 1351 1352 1353 1354 1355 1356 
1357 1358 1359 1360 1361 1362 1363 1364 1365 1366 1367 1368 
1369 1370 1371 1372 1373 1374 1375 1376 1377 1378 1379 1380 
1381 1382 1383 1384 1385 1386 1387 1388 1389 1390 1391 1392 
1393 1394 1395 1396 1397 1398 1399 1400 1401 1402 1403 1404 
1405 1406 1407 1408 1409 1410 1411 1412 1413 1414 1415 1416 
1417 1418 1419 1420 1421 1422 1423 1424 1425 1426 1427 1428 
1429 1430 1431 1432 1433 1434 1435 1436 1437 1438 1439 1440 
1441 1442 1443 1444 1445 1446 1447 1448 1449 1450 1451 1452 
1453 1454 1455 1456 1457 1458 1459 1460 1461 1462 1463 1464 
1465 1466 1467 1468 1469 1470 1471 1472 1473 1474 1475 1476 
1477 1478 1479 1480 1481 1482 1483 1484 1485 1486 1487 1488 
1489 1490 1491 1492 1493 1494 1495 1496 1497 1498 1499 1500 
1501 1502 1503 1504 1505
out-degrees
 419  769   60  378    1    1    1    2    4    1    1    7 
   1    1    3    1    1    1    1    1    1    3    2    1 
   1    1    1    1    1    1    1   88    2    1    1   10 
   1    1    1    1    1    4    1    1    1    1    1    1 
  16    1    1    1    1    1    3    1    2    2    2    3 
   4    1    1    3    2    6    1    1    1    1    3    2 
   1    1    1    1    1    1    1    1    1    1    1    2 
   7    6    1    1    1    1    1    2    6    1    1    1 
   1    1    1    1    1    9    3    7    1    2    1    2 
   3    2    1    1    1    1    1    4   17    1    1   16 
   1    1    2    1    2    5    1    1    2    1    1    1 
  28    1    1    1    1    6    2    2    6   16    1    1 
   1    3    1    7    1    1   26    2    2    1   17  166 
   1    1   11    2    1    1    4    1    1    1    7    3 
   1    2    1    1    1    2    1    1    3    1    1    1 
   2   17    1    1    1    1    1    1    2    1    1    6 
   1    8    1    1    6    1    1    1    1    1    1    6 
   3    1   27    1   14   13    1    1   13    1    1    1 
  13    1    2    1    1    1   16    7    2    2    3    1 
   1    1    1    1    1    1    1    1    1    1    4    9 
  33   15    1    1    2   31   34    5   17    6    5    9 
   1    9    7    9    1   40    1    2   29    1    1    1 
   8   24    7    1    3    1  166    2   33   34   44   34 
  27    2    1    1    1    8    1    1    3    2    1    9 
   1    1   20   27    2    1    2    1    8    1    2   17 
  42    7    9    6   30   34   22    2    1    1   59    1 
   3   31    5   45   13    2   38    2   22   10   12   12 
   7    9    1   36    9    8    1   63    8   17    6    1 
   1    1    2    3    1    1    2    1    2    1    1    1 
   1    1    1    1    1    2    2    6    1    1    1    1 
   2    2    1    2    2    2    2    1    1    1    2    1 
   1    1    1    1    1    1    1    4    2    1    1    1 
   1    2    1    1    1    1    1   26    1    2    2    2 
   1    1    1    1    2    2    1    2    1    1    1    2 
   7    2    2    1    1    1    1    1    1    2    1    1 
   1    9   14    1    1    1    1    2    1    1    1    2 
   1    1    2    2    1    1    2    1    1    2    1    1 
   2    2    2    1    1    1    1    3    3    2    1    1 
   1    2    1    2    1    1    1    2    1    1    2    2 
   2    1    1    1    2    1    1    1    1    1    1    2 
   1    1    2    1    1    1    2    1    1    1    1    2 
  16    1    1    2    2    1    1    1    1    1    1    1 
   1    1    1    1    1    1    1    1    1    1    1    3 
   2    1    1    1    3    1    1    1    1    1    1    1 
   4    1    1    1    2    1    2    1    1    4    1    1 
   2    1    1    2    1    1    1    2    1    1    1    2 
   2    1    1    1    1    1    1    1    2    1    1    2 
   2    2    1    1    2    2    1    1    1    1    2    2 
   3    2    1    2    1    2    2    1    1    1    1    1 
   1    1    1    2    2    1    1    2    1    1    2    1 
   1    1    1    1    1    1    2    3    1    1    1    2 
   2    2    1    1    1    2    1    2    1    1    1    1 
   2    1    1    2    3    1    1    1    2    2    1    1 
   1    1    1    1    1    1    1    1    1    1    2    2 
   1    1    1    1    1    1    1    2    2    2    1    1 
   1    1    1    1    1    2    2    2    1    1    1    1 
   1    1    3    1    1    2    1    2    1    1    2    1 
   1    2    1    1    1    1    1    1    1    1    1    1 
   1    1    1    1    2    1    2    1    1    1    3    2 
   1   45    2    2    2    1    2    1    1    2    2    1 
   1    2    1    2    2    1    1    1    1    2    3    2 
   2    1    1    3    1    2    1    1    1    1    1    1 
   3    1    1    1    1    2    2    2    1    1    2    3 
   2    2    2    2    1    1    1    1    1    1    1   23 
   1    2    2    7    1   10    1    1    1    2    1    1 
   4    6    4    7    2    5    1    4    2   12    2   11 
   4    4    6    6    4    5    4    6    1    1    1    1 
   2    9    1    1    1    4    7    1    1    1   10    1 
   7    1    1    1    1    5    2    1    2    1    1    1 
   1    2    4    1    1    9    1    2    3    1    3    4 
   1    1    6    6    1    1    2    2    1    1    2    2 
   2    1    7    1    1    1    3    1    1    1    2    1 
   2    1    1    1    1    1    3    3    7    2    1    2 
   2    1    1    1    6    1    6    1    3    2    1    1 
   2    1    1    1    1    2    1    1    1    1    4   13 
   1    5    4    1    1    5    6    1    1    2    1   13 
   1   15   31   19    1    6    1   19    1    2    3    1 
   1    5    1    1    3    2    3   29    1    1    4    1 
   1    1    1    1    6    2    1    1    1    2    4    1 
   8    6    6    1    6    7    6    3    7    3    1   10 
   6    3    2    2    2    5    2   18    2    5    3    4 
   2    5    2    3    5    2    1   14   14    2    6    3 
   1    1    8    3    4    2    2   16    6    2   13    6 
   3   12    1    3    3    3    1    1    4    2    5    2 
   2    7   13    1    1    1    4    3    1    3    1   47 
   2   38    3   27    3    8    4    1    2    1    1    9 
   6    3    1    5    4    6    1    3    1    1    1    2 
   1    2    6   20    6    1    3    1    1    3    1    4 
  22    2    1   22    2    7    3    6    4    6    2    3 
   1    1    1    3    3    1    1    2    1    2    5    2 
  14    7    3    1    1    1    3    1    1    2    2    3 
   4    1    4    1    2    5    5    3    1    4    3    4 
  16    7    2    3    7   43    5    9    2    3    2    2 
   2    6    3   13    1    1   31    1    5    1    8    3 
   1    1   14   15   17    1    2  106    2    3    1   21 
  13    1   52   17   15    3    3    1   12    8   10    6 
  90    7   40   15    6   12   32    5    4    1   11   22 
   1   23    5    9    3   10    3   13   35   64   14   14 
  19   11   29    2    9   21   17   31   12   18   19   20 
  13   16   50   25   16   17   24    1   89   30   24   12 
  27   34    7    6   22    8   12   28   48    2   16   22 
  17    1   12   89   25   55    9   11    4    5    2   12 
  83   10   33    7   25   25    1    6   14    8    2    1 
   2    4   34   10    7   26   10   21    1   20   13    1 
   9    8   26    5   79   15    1    2   48   27    3   18 
  20    2   28   10   19   10   25    5   23    4    9    1 
   4   26    2    8    1    1   13   28   24   19   13   24 
  14   18   17   11  125   26    3    2   10   43    1   11 
   1    4   60   12    1    3    1    1   11   16   10   15 
  14   24   11    5   20   15   24    4    5    3   17   14 
   1   79   11   12    7   21   12  161   19   30   18   15 
  16    2   17   12   91    1   72   36   14    1    4   38 
   2   67  117  124   23    1   92   18   28   10   83    3 
   3   18   15   24   11   20    8    1   20   17   36   45 
  13   14    7   15    3   10   36    3   15   11    1   14 
   2   14    3   16    1   13   11   15   11  148    1    1 
  16   19   10   10   10   96    1   15  103   17   13   17 
  18  115   21    1    1    2    1   11    1    1    1    9 
   1    1    9    1    1   12    1   11    1    1    1    1 
 209    1   19    4   11   28   17    5   16   18   29  179 
  14   25   19   34    9    1   22  204   23   12   33  217 
   1    1   26  134   98   30    1   30   15    6   11    4 
 123    1   30    1   13   13   43   19   22   14   27   17 
  23  183   97   18   29  101    1   17   14   18  113   28 
  14    1   31    1   31    1   20   27    8   30   12   34 
   1  156    1   20    1
in-degrees
 419  769   60  378    1    1    1    2    4    1    1    7 
   1    1    3    1    1    1    1    1    1    3    2    1 
   1    1    1    1    1    1    1   88    2    1    1   10 
   1    1    1    1    1    4    1    1    1    1    1    1 
  16    1    1    1    1    1    3    1    2    2    2    3 
   4    1    1    3    2    6    1    1    1    1    3    2 
   1    1    1    1    1    1    1    1    1    1    1    2 
   7    6    1    1    1    1    1    2    6    1    1    1 
   1    1    1    1    1    9    3    7    1    2    1    2 
   3    2    1    1    1    1    1    4   17    1    1   16 
   1    1    2    1    2    5    1    1    2    1    1    1 
  28    1    1    1    1    6    2    2    6   16    1    1 
   1    3    1    7    1    1   26    2    2    1   17  166 
   1    1   11    2    1    1    4    1    1    1    7    3 
   1    2    1    1    1    2    1    1    3    1    1    1 
   2   17    1    1    1    1    1    1    2    1    1    6 
   1    8    1    1    6    1    1    1    1    1    1    6 
   3    1   27    1   14   13    1    1   13    1    1    1 
  13    1    2    1    1    1   16    7    2    2    3    1 
   1    1    1    1    1    1    1    1    1    1    4    9 
  33   15    1    1    2   31   34    5   17    6    5    9 
   1    9    7    9    1   40    1    2   29    1    1    1 
   8   24    7    1    3    1  166    2   33   34   44   34 
  27    2    1    1    1    8    1    1    3    2    1    9 
   1    1   20   27    2    1    2    1    8    1    2   17 
  42    7    9    6   30   34   22    2    1    1   59    1 
   3   31    5   45   13    2   38    2   22   10   12   12 
   7    9    1   36    9    8    1   63    8   17    6    1 
   1    1    2    3    1    1    2    1    2    1    1    1 
   1    1    1    1    1    2    2    6    1    1    1    1 
   2    2    1    2    2    2    2    1    1    1    2    1 
   1    1    1    1    1    1    1    4    2    1    1    1 
   1    2    1    1    1    1    1   26    1    2    2    2 
   1    1    1    1    2    2    1    2    1    1    1    2 
   7    2    2    1    1    1    1    1    1    2    1    1 
   1    9   14    1    1    1    1    2    1    1    1    2 
   1    1    2    2    1    1    2    1    1    2    1    1 
   2    2    2    1    1    1    1    3    3    2    1    1 
   1    2    1    2    1    1    1    2    1    1    2    2 
   2    1    1    1    2    1    1    1    1    1    1    2 
   1    1    2    1    1    1    2    1    1    1    1    2 
  16    1    1    2    2    1    1    1    1    1    1    1 
   1    1    1    1    1    1    1    1    1    1    1    3 
   2    1    1    1    3    1    1    1    1    1    1    1 
   4    1    1    1    2    1    2    1    1    4    1    1 
   2    1    1    2    1    1    1    2    1    1    1    2 
   2    1    1    1    1    1    1    1    2    1    1    2 
   2    2    1    1    2    2    1    1    1    1    2    2 
   3    2    1    2    1    2    2    1    1    1    1    1 
   1    1    1    2    2    1    1    2    1    1    2    1 
   1    1    1    1    1    1    2    3    1    1    1    2 
   2    2    1    1    1    2    1    2    1    1    1    1 
   2    1    1    2    3    1    1    1    2    2    1    1 
   1    1    1    1    1    1    1    1    1    1    2    2 
   1    1    1    1    1    1    1    2    2    2    1    1 
   1    1    1    1    1    2    2    2    1    1    1    1 
   1    1    3    1    1    2    1    2    1    1    2    1 
   1    2    1    1    1    1    1    1    1    1    1    1 
   1    1    1    1    2    1    2    1    1    1    3    2 
   1   45    2    2    2    1    2    1    1    2    2    1 
   1    2    1    2    2    1    1    1    1    2    3    2 
   2    1    1    3    1    2    1    1    1    1    1    1 
   3    1    1    1    1    2    2    2    1    1    2    3 
   2    2    2    2    1    1    1    1    1    1    1   23 
   1    2    2    7    1   10    1    1    1    2    1    1 
   4    6    4    7    2    5    1    4    2   12    2   11 
   4    4    6    6    4    5    4    6    1    1    1    1 
   2    9    1    1    1    4    7    1    1    1   10    1 
   7    1    1    1    1    5    2    1    2    1    1    1 
   1    2    4    1    1    9    1    2    3    1    3    4 
   1    1    6    6    1    1    2    2    1    1    2    2 
   2    1    7    1    1    1    3    1    1    1    2    1 
   2    1    1    1    1    1    3    3    7    2    1    2 
   2    1    1    1    6    1    6    1    3    2    1    1 
   2    1    1    1    1    2    1    1    1    1    4   13 
   1    5    4    1    1    5    6    1    1    2    1   13 
   1   15   31   19    1    6    1   19    1    2    3    1 
   1    5    1    1    3    2    3   29    1    1    4    1 
   1    1    1    1    6    2    1    1    1    2    4    1 
   8    6    6    1    6    7    6    3    7    3    1   10 
   6    3    2    2    2    5    2   18    2    5    3    4 
   2    5    2    3    5    2    1   14   14    2    6    3 
   1    1    8    3    4    2    2   16    6    2   13    6 
   3   12    1    3    3    3    1    1    4    2    5    2 
   2    7   13    1    1    1    4    3    1    3    1   47 
   2   38    3   27    3    8    4    1    2    1    1    9 
   6    3    1    5    4    6    1    3    1    1    1    2 
   1    2    6   20    6    1    3    1    1    3    1    4 
  22    2    1   22    2    7    3    6    4    6    2    3 
   1    1    1    3    3    1    1    2    1    2    5    2 
  14    7    3    1    1    1    3    1    1    2    2    3 
   4    1    4    1    2    5    5    3    1    4    3    4 
  16    7    2    3    7   43    5    9    2    3    2    2 
   2    6    3   13    1    1   31    1    5    1    8    3 
   1    1   14   15   17    1    2  106    2    3    1   21 
  13    1   52   17   15    3    3    1   12    8   10    6 
  90    7   40   15    6   12   32    5    4    1   11   22 
   1   23    5    9    3   10    3   13   35   64   14   14 
  19   11   29    2    9   21   17   31   12   18   19   20 
  13   16   50   25   16   17   24    1   89   30   24   12 
  27   34    7    6   22    8   12   28   48    2   16   22 
  17    1   12   89   25   55    9   11    4    5    2   12 
  83   10   33    7   25   25    1    6   14    8    2    1 
   2    4   34   10    7   26   10   21    1   20   13    1 
   9    8   26    5   79   15    1    2   48   27    3   18 
  20    2   28   10   19   10   25    5   23    4    9    1 
   4   26    2    8    1    1   13   28   24   19   13   24 
  14   18   17   11  125   26    3    2   10   43    1   11 
   1    4   60   12    1    3    1    1   11   16   10   15 
  14   24   11    5   20   15   24    4    5    3   17   14 
   1   79   11   12    7   21   12  161   19   30   18   15 
  16    2   17   12   91    1   72   36   14    1    4   38 
   2   67  117  124   23    1   92   18   28   10   83    3 
   3   18   15   24   11   20    8    1   20   17   36   45 
  13   14    7   15    3   10   36    3   15   11    1   14 
   2   14    3   16    1   13   11   15   11  148    1    1 
  16   19   10   10   10   96    1   15  103   17   13   17 
  18  115   21    1    1    2    1   11    1    1    1    9 
   1    1    9    1    1   12    1   11    1    1    1    1 
 209    1   19    4   11   28   17    5   16   18   29  179 
  14   25   19   34    9    1   22  204   23   12   33  217 
   1    1   26  134   98   30    1   30   15    6   11    4 
 123    1   30    1   13   13   43   19   22   14   27   17 
  23  183   97   18   29  101    1   17   14   18  113   28 
  14    1   31    1   31    1   20   27    8   30   12   34 
   1  156    1   20    1

No missing data for observation 2.





@2
Reading dependent actor variables.
----------------------------------

1st dependent actor variable named nuNet.
Maximum and minimum rounded values are -1 and 0.
